# Station, year,  mean-temp, min-temp, max-temp
18700      1950    -5.9         -8.3          -2.6    
18700      1951    6.0         4.5          7.3    0    
18700      1952    -1.4         -1.8          -0.2    
18700      1953    -0.2         -1.2          6.0    0    
18700      1954    -8.5         -9.9          -3.8    
18700      1955    -4.0         -7.7          -0.4    
18700      1956    -4.9         -5.8          -4.7    
18700      1957    -0.4         -1.7          1.9    0    
18700      1958    -0.2         -1.0          0.9    7    
18700      1959    2.1         0.8          3.5    0    
18700      1960    -3.6         -9.7          -2.6    
18700      1961    -6.0         -9.0          -2.1    
18700      1962    -9.5         -11.3          -7.7    
18700      1963    -2.7         -4.1          -0.9    
18700      1964    -8.0         -9.5          -6.0    
18700      1965    -2.0         -3.5          -1.0    
18700      1966    -6.2         -10.6          -1.4    
18700      1967    -6.5         -9.3          -5.2    
18700      1968    -1.5         -2.8          0.1   